                        The SURVEYFREQ Procedure

  Table of total_re by schoolw1

total_re      schoolw1       Frequency      Wgt Freq     Percent
----------------------------------------------------------------
3.0           2.0                    6          6.43        9.04
3.0           1.0                    5          3.95        5.55
4.0           2.0                    2          3.01        4.23
4.0           1.0                    9          9.89       13.90
1.0           2.0                    8         12.98       18.24
1.0           1.0                   10          9.72       13.66
2.0           2.0                    4          3.94        5.54
2.0           1.0                   16         21.23       29.84
3.0           2.0                    4          3.74        5.25
3.0           1.0                    7          6.64        9.33
4.0           2.0                    3          4.64        6.52
4.0           1.0                    8          8.26       11.61
1.0           2.0                    7         10.34       14.54
1.0           1.0                   11         12.35       17.36
2.0           2.0                   13         14.96       21.03
2.0           1.0                    7         10.21       14.35
3.0           1.0                    4          4.37        6.15
3.0           2.0                    2          1.52        2.14
3.0           3.0                    5          4.48        6.30
4.0           1.0                    3          3.25        4.57
4.0           2.0                    2          1.96        2.76
4.0           3.0                    6          7.69       10.80
1.0           1.0                    6          8.58       12.06
1.0           2.0                    7          8.66       12.17
1.0           3.0                    5          5.45        7.67
2.0           1.0                    4          4.60        6.47
2.0           2.0                    7         10.05       14.13
2.0           3.0                    9         10.51       14.78
3.0           3.0                    4          4.63        6.50
3.0           1.0                    2          1.52        2.14
3.0           2.0                    5          4.23        5.94
4.0           3.0                    5          6.09        8.56
4.0           1.0                    4          5.49        7.72
4.0           2.0                    2          1.31        1.85
1.0           3.0                    3          4.42        6.22
1.0           1.0                    6          8.11       11.40
1.0           2.0                    9         10.16       14.28
2.0           3.0                    4          4.61        6.49
2.0           1.0                    8          9.55       13.42
2.0           2.0                    8         11.00       15.47
3.0           1.0                    5          5.12        7.20
3.0           3.0                    4          3.81        5.36
3.0           2.0                    2          1.44        2.03
4.0           1.0                    5          5.99        8.43
4.0           3.0                    3          3.58        5.03
4.0           2.0                    3          3.32        4.67
1.0           1.0                    4          3.94        5.53
1.0           3.0                    5          5.69        8.00
1.0           2.0                    9         13.06       18.36
2.0           1.0                    9         11.65       16.38
2.0           3.0                    6          6.59        9.26
2.0           2.0                    5          6.93        9.74
3.0           1.0                    6          6.07        8.53
3.0           3.0                    2          1.94        2.73
3.0           2.0                    3          2.37        3.33
4.0           1.0                    3          3.95        5.55
4.0           3.0                    7          8.20       11.53
4.0           2.0                    1          0.75        1.05
1.0           1.0                    6          8.32       11.70
1.0           3.0                    6          7.22       10.14
1.0           2.0                    6          7.15       10.06
2.0           1.0                    6          7.57       10.64
2.0           3.0                    6          5.84        8.21
2.0           2.0                    8         11.76       16.53
3.0           2.0                    3          3.79        5.33
3.0           3.0                    2          1.52        2.14
3.0           4.0                    5          4.18        5.88
3.0           1.0                    1          0.88        1.24
4.0           2.0                    4          3.13        4.41
4.0           3.0                    4          4.53        6.37
4.0           4.0                    2          3.61        5.08
4.0           1.0                    1          1.63        2.29
1.0           2.0                    8          9.57       13.46
1.0           3.0                    3          3.03        4.26
1.0           4.0                    2          2.34        3.29
1.0           1.0                    5          7.75       10.89
2.0           2.0                    4          5.36        7.53
2.0           3.0                    5          6.18        8.68
2.0           4.0                    6          7.48       10.52
2.0           1.0                    5          6.15        8.64
3.0           1.0                    7          6.50        9.13
3.0           3.0                    2          2.24        3.14
3.0           2.0                    2          1.64        2.31
4.0           1.0                    5          5.78        8.13
4.0           3.0                    3          3.25        4.57
4.0           2.0                    3          3.87        5.44
1.0           1.0                    5          5.36        7.53
1.0           3.0                    7         10.18       14.31
1.0           2.0                    6          7.15       10.05
2.0           1.0                    4          5.66        7.96
2.0           3.0                    8          8.91       12.53
2.0           2.0                    8         10.60       14.90
3.0           0.0                    7          7.41       10.42
3.0           1.0                    4          2.96        4.17
4.0           0.0                    5          4.91        6.91
4.0           1.0                    6          7.99       11.23
1.0           0.0                   10         11.49       16.15
1.0           1.0                    8         11.20       15.75
2.0           0.0                   12         15.87       22.31
2.0           1.0                    8          9.30       13.07
----------------------------------------------------------------


     total_re = 1

                        The SURVEYMEANS Procedure

Variable                N            Mean       Std Error         Std Dev        Lower CL        Upper CL
---------------------------------------------------------------------------------------------------------
parcaresumw1           18          2.6412          0.2513          0.9854          2.1110          3.1713
ctimespw1              18          1.9077          0.2605          1.0620          1.3582          2.4573
ctime9w1               18          1.1603          0.1456          0.5651          0.8530          1.4676
ctime10w1              18          1.5475          0.2318          0.9226          1.0585          2.0364
sleep_all_h            18          7.6877          0.3174          1.2692          7.0181          8.3573
ctime8w1               18          1.2642          0.2504          1.0013          0.7359          1.7925
ctime11w1              18          0.9505          0.1595          0.6161          0.6140          1.2871
ctime2w1               18          1.0971          0.1466          0.6083          0.7878          1.4063
ctimestudyw1           18          1.5364          0.2952          1.1792          0.9136          2.1592
ctime7w1               18          1.3459          0.2106          0.8816          0.9015          1.7902
---------------------------------------------------------------------------------------------------------


     total_re = 2

                        The SURVEYMEANS Procedure

Variable                N            Mean       Std Error         Std Dev        Lower CL        Upper CL
---------------------------------------------------------------------------------------------------------
parcaresumw1           20          3.2381          0.3004          1.2623          2.6092          3.8669
ctimespw1              20          2.2079          0.3550          1.5116          1.4650          2.9509
ctime9w1               20          1.1347          0.1103          0.4881          0.9038          1.3656
ctime10w1              20          1.0380          0.2066          0.8644          0.6057          1.4704
sleep_all_h            20          7.7547          0.2195          0.9411          7.2953          8.2141
ctime8w1               20          1.2864          0.1818          0.7914          0.9059          1.6670
ctime11w1              20          0.9336          0.1258          0.5526          0.6702          1.1970
ctime2w1               20          0.9088          0.1418          0.6111          0.6119          1.2057
ctimestudyw1           20          1.7050          0.2271          0.9813          1.2296          2.1803
ctime7w1               20          1.6277          0.2121          0.9128          1.1839          2.0716
---------------------------------------------------------------------------------------------------------


     total_re = 3

                        The SURVEYMEANS Procedure

Variable                N            Mean       Std Error         Std Dev        Lower CL        Upper CL
---------------------------------------------------------------------------------------------------------
parcaresumw1           11          2.9926          0.3732          1.2124          2.1610          3.8242
ctimespw1              11          2.3414          0.2917          0.9688          1.6915          2.9914
ctime9w1               11          1.1145          0.1451          0.4878          0.7911          1.4379
ctime10w1              11          1.3343          0.3264          0.9472          0.6070          2.0617
sleep_all_h            11          7.7498          0.2625          0.8568          7.1650          8.3347
ctime8w1               11          1.0325          0.2092          0.7233          0.5663          1.4986
ctime11w1              11          1.0567          0.1774          0.5529          0.6615          1.4520
ctime2w1               11          0.9551          0.1548          0.5522          0.6102          1.3001
ctimestudyw1           11          2.1093          0.3191          0.9772          1.3984          2.8202
ctime7w1               11          1.4545          0.3282          1.0224          0.7232          2.1858
---------------------------------------------------------------------------------------------------------


     total_re = 4

                        The SURVEYMEANS Procedure

Variable                N            Mean       Std Error         Std Dev        Lower CL        Upper CL
---------------------------------------------------------------------------------------------------------
parcaresumw1           11          3.5849          0.2975          1.0346          2.9221          4.2478
ctimespw1              11          1.8565          0.4279          1.3620          0.9032          2.8099
ctime9w1               11          0.9386          0.1990          0.6167          0.4953          1.3819
ctime10w1              11          1.6955          0.2715          0.8943          1.0905          2.3004
sleep_all_h            11          7.9016          0.3939          1.1479          7.0238          8.7794
ctime8w1               11          1.8180          0.3596          1.0800          1.0167          2.6194
ctime11w1              11          0.8826          0.2478          0.7403          0.3304          1.4348
ctime2w1               11          1.0968          0.1253          0.4201          0.8177          1.3760
ctimestudyw1           11          1.8697          0.4575          1.3562          0.8503          2.8892
ctime7w1               11          1.4319          0.3306          0.9925          0.6952          2.1685
---------------------------------------------------------------------------------------------------------

